0.0010408207888158438,0.9793988233734784
0.0026450595845424196,0.9790551378193683
0.004419973602534655,0.9763779500496884
0.004815984629596759,0.9759725693167758
0.005165881782555948,0.9757147605203376
0.005694173762231691,0.9753675905696467
0.006129592948477147,0.9750928146915927
0.007943121925702235,0.974229327402248
0.009721210084589593,0.973320628624409
0.010696899426969053,0.9728774962130491
0.01162957801886888,0.9724616568860711
0.011976888174659361,0.9723221941078827
0.012303286161473692,0.9721985980184256
0.013770919044245211,0.9716508649543422
0.013796439486148504,0.9716383293970161
0.013938142118505192,0.9710815096474747
0.014054362332152848,0.9710331317667135
0.014192452356682095,0.970959631019082
0.014627875177435468,0.9707880923745333
0.015422230039172091,0.9704821500660222
0.016074481554491316,0.9702300830181163
0.016185676846798946,0.9699679830245448
0.016857389414639656,0.969677635417357
0.017645321511948864,0.9693204957324196
0.017664287286927483,0.9693140854369426
0.01831492911159427,0.9690274310545933
0.020525392864530034,0.9681282024718071
0.022329201181008673,0.9673407123908964
0.023663937610655883,0.9669268288189494
0.02496188815147249,0.9663402133247291
0.02846891845669397,0.9651846378129108
0.03138888979589316,0.9647021700363232
0.03151831964402407,0.9646292468969712
0.03218357621678458,0.963489974375632
0.03547384641304818,0.9631489862224262
0.03733301158907132,0.9615383549390423
0.041335954097058814,0.9601486596452697
0.042864087675316576,0.959604496631778
0.04603563282708112,0.9589133094119442
0.04671764473909035,0.9588265126721369
0.049857162210677486,0.9570136390131991
0.05446347613206337,0.9556248019545113
0.05476985941191381,0.95528246554435
0.05568710472703431,0.9550188426800449
0.05727633166656909,0.9544273477366935
0.05959400971947504,0.953580986390014
0.060430678578578645,0.9534075738695627
0.062443694864702914,0.9525831810847708
0.06440752355562895,0.9522678402318249
0.06558480961047197,0.951799870842004
0.06564403520634698,0.9517763839247486
0.06707351601207479,0.951304937639115
0.06713891308588371,0.951003021511097
0.06773583720127974,0.9509572552899002
0.06816806274094811,0.9508148218141781
0.07014584085712561,0.950008827177546
0.07252652205986343,0.9491844443399062
0.07307321082821094,0.9489273311393108
0.07630441895207218,0.9478007082403412
0.07731200402856764,0.9474463512961238
0.07734085032742433,0.9474365653493724
0.07827730486899442,0.9471096519604061
0.07935437884995211,0.9467430138028688
0.07969859733120443,0.9466185784670498
0.08244456594941585,0.9462316464370852
0.08340104065866794,0.9459147366290049
0.0835772490837684,0.9458246461468823
0.08394826536002398,0.945248072671937
0.09096429758622948,0.9433037285694256
0.09206756487564005,0.9425410836428929
0.09292672594398688,0.9422090850135566
0.09491702960350323,0.9418671203766773
0.09640593704149014,0.941361254724084
0.10018456015286448,0.9400149063736901
0.10466660486802626,0.9386589145886378
0.10821371348073883,0.9367806701473631
0.10893913318903281,0.9365376692392818
0.11059549798661272,0.9359680316047659
0.11854685192342418,0.933152870558967
0.1187058382705588,0.9330935830619133
0.1256647293249763,0.9306653460512739
0.12644702308123368,0.9304415968821237
0.13067789232160443,0.9288654411929439
0.1327512248921362,0.9283368480462675
0.13463412881478154,0.9276143424458184
0.13835735806306404,0.9264023987504034
0.1423059231967525,0.925100658710133
0.14333273732645535,0.9243390703909691
0.14356360842336424,0.9242569219506224
0.14591597708486537,0.9234872066439367
0.1487395256829681,0.9223749986135885
0.15450033211374137,0.9215509807976157
0.1572565977708249,0.9192640060167934
0.1593255604571473,0.918517075878043
0.1605763751730439,0.9181371283369936
0.163271386171423,0.917098103813343
0.16887307652652428,0.9154244295526955
0.17013665065406725,0.9149021788662003
0.1707775366461336,0.9148690790230491
0.17283153615368319,0.9147826828236024
0.1752800189937983,0.9128639697011997
0.18051517537433526,0.9106921191085436
0.18052817236950403,0.9105704497419287
0.1841141815491607,0.9098174281955416
0.18449455164537765,0.9096873802043343
0.18642824988502837,0.9093694222452855
0.18789321185466434,0.9091134477563635
0.1890186040678532,0.907390064780191
0.19167337687633534,0.9073433008870955
0.19774103445101543,0.9044215236976848
0.2024441482821432,0.9021746195561706
0.20470600088766333,0.9013016813164286
0.20892985563194588,0.9007639669368377
0.2092564100679939,0.9003686034364227
0.21034219624065786,0.8991776274273039
0.21059525189196326,0.8990827218622914
0.21111835540858137,0.8988354655431311
0.2112674556367854,0.8987104002620019
0.21315642833831872,0.8979268463804501
0.21628682826820556,0.8979257940046972
0.21669559080499068,0.8964223809082156
0.2180004306712875,0.8959143929551511
0.21926557775471667,0.8957790747616365
0.21956862804143262,0.8952984447256052
0.22042278338240695,0.8949613532248678
0.22290610855059,0.893936867940104
0.2252160709686083,0.8934388830794159
0.22790033036010982,0.8920177942675588
0.23359528419661535,0.8895567534660057
0.23445363371033823,0.889191479333824
0.23469896255202594,0.8890871736624371
0.2357504458240034,0.888665594183915
0.23684601958062645,0.8882878081509447
0.23773055151480815,0.8881965695321024
0.23892961928032963,0.8873803925428132
0.23978428725411394,0.8870182285422272
0.24308066257042804,0.8856791840005609
0.24416375798950585,0.885233287075374
0.2442644992655435,0.8850475332826336
0.2472057983203222,0.8838057396686689
0.2480136185064259,0.8834841824541269
0.24810335502861203,0.8834227968210128
0.24933891060065705,0.8829321627251095
0.25073691225286965,0.8827070478124133
0.2512955776410418,0.882448722961447
0.2521150089250047,0.8820702611870573
0.25302905719993996,0.8814157743264381
0.25653621802613824,0.8802802683272501
0.25657986010209655,0.8798075370493605
0.2589391153496866,0.8793612517639725
0.25897280691841806,0.8791038322115057
0.25925169091779443,0.8787423090718952
0.2605394192273057,0.8780722602155198
0.2613688624494702,0.8777073135085346
0.26483276195522254,0.8762578550939361
0.2654254146669598,0.8762245605933822
0.26608981425222555,0.8758017499665026
0.2672703850444488,0.8754118313368334
0.2713699811309477,0.874520682452892
0.2719602294454666,0.8730420025742085
0.2725311967499623,0.8729114918607821
0.27857265148398425,0.8705943852211738
0.27887410641866817,0.8700003450179363
0.2804648305127041,0.8692646241202195
0.2812512259475535,0.8692030450566325
0.2832681585867888,0.8682294412333806
0.28569716101408593,0.8668543940291014
0.28633945605450273,0.866836730663102
0.2876375440866399,0.8663993842132747
0.28796351433586376,0.8659724003717001
0.28814276295668795,0.8657318134252666
0.2892592213317591,0.8653955179828228
0.2897034345925914,0.8651709850866203
0.2908953434801249,0.8647950282475592
0.2911434079579476,0.864358215110986
0.2928410671744569,0.8638398805765046
0.2930560695714549,0.8637344723577818
0.2936397556799022,0.8634242317412687
0.29577560600026553,0.8622440640836838
0.2964488120655472,0.8619407538264294
0.29907481848155104,0.8617840369446321
0.2990887461978119,0.8607704072847815
0.3005996448818632,0.8600522225446132
0.30222836682035703,0.8592482833742908
0.30459691839307246,0.8582900424894155
0.3047008727478422,0.8582018043558738
0.3055853111971101,0.8577979187072287
0.3057103839594192,0.8577460974811358
0.30677174393651974,0.8572176038444332
0.31083450332815354,0.8564788747132579
0.3130541168752573,0.8549930302753046
0.3131548593264668,0.854050911245999
0.3160081799745168,0.852684441648964
0.3174204368325255,0.8523201911887903
0.3187008621493641,0.8519839373528972
0.3187069978710825,0.8519812065378336
0.31937074748646677,0.8516002160404585
0.31957161519730726,0.8515216950889686
0.3195777430770983,0.851518955745789
0.3196621326050334,0.8508665388567804
0.3217568484903035,0.8508371995518018
0.3224748275520207,0.8497040986010018
0.32296282637579243,0.8493442046230218
0.3268735265856296,0.8476620133266932
0.3269061866571452,0.8472890930524473
0.3277752099529112,0.8471669711154569
0.3306528560940395,0.8454637663857748
0.33086940069827964,0.8453535369720909
0.33523353293990166,0.8432281840882382
0.33603955978841715,0.8427408926695901
0.3369899146619987,0.8423165859797833
0.33749034044478443,0.8421716465121531
0.33769479645455003,0.842072879259282
0.33792161992329617,0.8418597721435941
0.3388950422778755,0.8413827869521999
0.3404037416284863,0.8406440704771041
0.34101854974544576,0.8402033331698026
0.34181964926402153,0.8399513923166655
0.34423424744632947,0.8385839128908312
0.3445666460822665,0.8384012167879399
0.3450581974505371,0.8381518820306602
0.3452968573069608,0.8380321600560977
0.34540617476401103,0.8379754204580294
0.34545083624370854,0.8379522407936743
0.3466930268857654,0.8373216689565831
0.3469947603451349,0.8371491552861545
0.34776018345353044,0.8369247789604646
0.3478181249998704,0.8367222155198373
0.3478672207834046,0.8367091520351808
0.3492394740562983,0.8360037232966044
0.3495314000081092,0.8358840760743382
0.3502642740407018,0.8355185197089279
0.3503832346287369,0.8353964818845959
0.3516656355239456,0.8347333079074408
0.35375443956225494,0.8336542167873678
0.35381786944408566,0.8336518900861336
0.35440030086550434,0.8333209044110694
0.3544061150811335,0.8333178292732979
0.3559444004290142,0.833070374335771
0.35658161259285825,0.8322634677779202
0.3568843809358775,0.8320107666048455
0.35704072460087144,0.8319775784547837
0.35773819765037485,0.8317404054223927
0.35779672121664186,0.8315475849121003
0.35826491077364975,0.8312805617514082
0.359207952115846,0.8308521927736651
0.35991567180175754,0.8305036457272199
0.36038135236066515,0.8302221614165369
0.36073554028883636,0.8300570401021772
0.3630181224250736,0.8289324767495174
0.36509872200312166,0.8286350288831398
0.3656586530701782,0.8275855721145269
0.36629793061942495,0.82711799875626
0.3667998959348926,0.8269590190758781
0.36713632166042454,0.8267703540236887
0.3689248652198819,0.8257568077811579
0.3690154751420154,0.8256237279039165
0.36939796613202813,0.8253494261412189
0.37175688485027414,0.8242101374255824
0.37218324664856184,0.8241186148519055
0.3727137885564803,0.8239143822335017
0.3736795955269956,0.8230506631172971
0.37502458456370535,0.8227331118279374
0.3757999222947773,0.8223612939877956
0.37613156621377053,0.8221676160765767
0.376410116694057,0.8220253588081737
0.3780037798721516,0.8208233070659208
0.3809623337590493,0.8193511203825771
0.3809688681602753,0.8190437861255011
0.3827273980585606,0.8183241043606929
0.3827991549262225,0.8181327708462154
0.3828689060467637,0.8179886715846761
0.38348645254004743,0.8179238788975306
0.383793541660419,0.8174755659314671
0.3846878886200742,0.8170996102865639
0.3857333966817137,0.8165774454984874
0.3869723929243726,0.815914716369148
0.38744983486639484,0.8155633306211798
0.3883376110053608,0.8149571179402861
0.3902492937708507,0.8139588173628317
0.3907735270742936,0.8136800803529113
0.3925520278523563,0.812625864056089
0.3946860978317721,0.8119326255217154
0.39615375119204366,0.8107850509539977
0.3962352860750684,0.810496843170907
0.396555430832049,0.810311961651672
0.3978348536968108,0.8097370489014538
0.3993930665766038,0.8088499040946933
0.40177268308067315,0.8076874430554195
0.40239073236187994,0.8073513799109342
0.40520887941431827,0.8056315075409801
0.40644242249693896,0.8055376276579613
0.4075994533779773,0.8049826534601063
0.40987601221022407,0.8026041717280601
0.41045081049470256,0.8024270275673844
0.41107361438602785,0.8020177115068258
0.41262906595029614,0.8010380912799524
0.4136629774625177,0.8004671072391608
0.4150137998551163,0.8002376992867981
0.41541035524416514,0.7995531917330172
0.41672376383652976,0.7986366368285727
0.4202662660741454,0.7964461242456919
0.42230529895590396,0.7955820943814461
0.4223890900666267,0.7954675056334765
0.423099372927654,0.7950169279054762
0.4240376627326903,0.7944782228148948
0.42449170069221365,0.7941890405105763
0.42495687641494084,0.7935957974340164
0.4262228699497044,0.7932747524394346
0.42635802409726975,0.7931974887642504
0.4282539536460229,0.7917237624738165
0.42949456421958176,0.7909912762139064
0.4298229708420186,0.7907974177021363
0.43079116465882705,0.7906045285675962
0.43245611340634293,0.7892560252830231
0.4332661790961452,0.7892515223137644
0.4350205615516134,0.787497295791252
0.43529371942179795,0.7873005108002815
0.4360100354292351,0.7868223402016883
0.4362121759480032,0.7867415266050252
0.437407393762989,0.7860758352688244
0.4378596226608843,0.7857767889848934
0.4382317018504067,0.7855456909738074
0.43904184734164275,0.7850202008389804
0.4391739819579803,0.7849398520205872
0.44096693278400734,0.7848594819990637
0.44271525920219845,0.7826216753689709
0.44277010035553854,0.7825872516970881
0.4447682267264408,0.7813467327421066
0.4452901082813331,0.781285897117914
0.4452970482454438,0.7809898018005732
0.4455617972699316,0.7808213755459196
0.4456974549298963,0.7807504804930446
0.44622563067918897,0.7804090990018202
0.4487609206965949,0.7792389559621128
0.4493162271746183,0.7784480780399631
0.4499012001678453,0.7780549075515197
0.4500307768457472,0.7779719554509223
0.450330111091627,0.7778464523692649
0.45198170803703897,0.7771631017969027
0.4522091922908721,0.7765763377964253
0.45341336212185623,0.7758701160450137
0.45367423738620916,0.7756977525787421
0.45412007273818367,0.7754247844802451
0.45483540248059295,0.7750251900675476
0.4549165906680477,0.7749139562585386
0.4549702311154634,0.7748783120050083
0.45541109764666954,0.7746114220292029
0.4556710194303718,0.7744380905846334
0.4562671590701465,0.7739506162359356
0.4563512230522043,0.773924722239618
0.45688284588998596,0.7735845720042644
0.4573003816794734,0.7733174460969547
0.4578176716571417,0.7729865339398962
0.4583562028014173,0.7728222391806111
0.45858388504731484,0.7724964513258961
0.4590820115295382,0.7722998651062578
0.4593401812568175,0.7721247559961818
0.4596224396563725,0.772041723314992
0.4602248782530104,0.7716466146494091
0.4608640639803929,0.771210331127156
0.4608876178358049,0.7709364330392656
0.46174093207267264,0.7706090611879612
0.4618360648603317,0.7703149651191856
0.46209787088213916,0.7701462461885735
0.4631088411805735,0.7694830960168626
0.4640368128387249,0.7690200750968149
0.4643469699288546,0.7686549254138249
0.4649560367752844,0.7684010372216872
0.46510395609876864,0.7681554916099321
0.46522398304207835,0.7680761818237029
0.4654501993850605,0.7680257350139665
0.46576437289659356,0.7679073030579069
0.4661444518516641,0.7674635942781861
0.4669548493270088,0.7669378923109855
0.4675640392237801,0.7665366933141483
0.468351045581614,0.7660017283238109
0.46836655999953725,0.765991296244726
0.46869199006721596,0.7658443186570922
0.46876089210012384,0.7657486119871697
0.46877480688019546,0.7657208848111724
0.46951345609011774,0.7653364048975279
0.46973271586567333,0.7651088364453148
0.4699692642468781,0.7649531284561211
0.47064617134000464,0.7645007520578374
0.47070253348773916,0.7644330764812202
0.4711212830455134,0.7641779020135718
0.47115912991091835,0.7641423013584093
0.4716253992277383,0.763833647911158
0.47190648911971345,0.7636331255835601
0.4730859319751276,0.7628177667027036
0.4742703722916347,0.7620171317258154
0.47453141593550496,0.7618491453836781
0.47497084337375073,0.761553510358341
0.475466212412212,0.7612089766323078
0.4755162336602138,0.761177887045885
0.4758015642810145,0.7610011234850655
0.47645128816428006,0.7605411716343846
0.4768150235112715,0.760308562390705
0.4771199063593118,0.7601977849520154
0.4774771301730141,0.759840894563656
0.47833258333934836,0.7592769099622729
0.47847136534300516,0.7592704906224362
0.4798653683195224,0.7582179434227098
0.48140436044787815,0.7581047845386557
0.4819695953353027,0.7570449103434158
0.4846754445271938,0.7551532685836653
0.48507371218174244,0.7546340348431497
0.485971658010552,0.7540509006108718
0.48775036892963164,0.7538871933495674
0.48899235862281176,0.7524501278189364
0.4892542632170568,0.752434908447868
0.4898873462933958,0.7514907281245942
0.4899004110285218,0.7513786140507042
0.49078866246531294,0.7512461131674699
0.4908600554303907,0.7510599091777148
0.4913861805867151,0.7503975093409453
0.4915931489531633,0.7500678766912543
0.4925464515778182,0.7496647779720631
0.4926453949608677,0.7493993791950337
0.4930788736933902,0.7490341918347698
0.49310294017784373,0.7490008974968633
0.49414711519832355,0.7484859642560694
0.49480215812137285,0.7478203834616376
0.4956303692885057,0.7472129341986631
0.496389877170602,0.7469470603466025
0.49648801916046936,0.7468741077281144
0.497099856564016,0.7463751496727411
0.49739927846600906,0.7463204582818048
0.49875698673821434,0.7451878721378618
0.4990114772334975,0.7448005761675172
0.499392813011045,0.7446252034645804
0.5002771979487657,0.7444485830763293
0.5007314694725274,0.7440131117027795
0.5040721636298335,0.7435202259421388
0.5041384251001866,0.742267859117882
0.5045467148116995,0.7413866192620026
0.5058436726052206,0.7400942502384676
0.5059203986329632,0.7398256127432572
0.5066553685740931,0.7392761040343173
0.5074681261434999,0.7387751190666002
0.5114971619292981,0.7357515995249608
0.5118720797630412,0.7354532122898683
0.5124143432046395,0.7351481996447026
0.5127887155311235,0.7349062426375959
0.5144081121469295,0.7337127547147106
0.515654054191099,0.7326492100556612
0.5165938246077384,0.7322104989853561
0.517419102549761,0.7313445478603777
0.5178441163460241,0.7310557379454337
0.5186064747140308,0.7308386156948412
0.5186491587156197,0.7307016612611217
0.5193084119350462,0.7299408932779539
0.5194998673048313,0.7299300076692987
0.5197291821569758,0.7296053639299214
0.5208538471132187,0.7287610161245495
0.5231024032842604,0.7270531725025885
0.5240163140797476,0.7266462211674387
0.5250904326536157,0.7256575578197053
0.5259130985009576,0.7249797477400914
0.5261544032197316,0.7249716037998637
0.5269814712547645,0.7248883159391533
0.5271695516361782,0.7246250271714616
0.5274225612358927,0.7244104458584978
0.5275957400815727,0.7238270038969198
0.527845965832578,0.723500919417609
0.52910168851923,0.7225183288814943
0.5294383742911317,0.7223053952921088
0.5295287156687811,0.7221505940829671
0.5311276299283751,0.7209765437136129
0.5316536857879798,0.7205586342233469
0.5337464324726686,0.7192485045521629
0.5338541282695797,0.7191875348659185
0.534843085592881,0.7184367515308125
0.5352173673830536,0.7180484169544468
0.5364517415745887,0.7170414838239196
0.5369810374482678,0.7163554150897565
0.5374264677502985,0.7162464509056106
0.5386158016579635,0.7153118623928159
0.5387519910436042,0.7151654185774475
0.5392649958930299,0.7151640268624586
0.5395933459292623,0.7145123559329527
0.5421816807072741,0.7125451935311592
0.5423965956369766,0.7122492436733088
0.5424282157407309,0.7121487265314079
0.5429014743820727,0.7121182982174059
0.5438323811493078,0.7110670160985715
0.5439407006011778,0.7109831195004062
0.544652686184619,0.7107466489809859
0.5459063254363262,0.7093329413570307
0.5461742208521736,0.7091146087174733
0.5462499436068067,0.7090549429841908
0.5466390471872525,0.7089890990299195
0.5472416431549665,0.708273554977533
0.5476885692678733,0.7079859495192207
0.5492140556474792,0.7067233419127161
0.5499788427145025,0.7060143072991029
0.5507572915614507,0.7058249246586757
0.5510373163448836,0.7051642894785279
0.5525695740723497,0.7039093369638145
0.5531801122480381,0.7034062291416701
0.5532546660399995,0.7033453925188775
0.5534220895398808,0.7032091086408074
0.5541905535362287,0.7025812892121024
0.5559326812668157,0.7011640608259204
0.5560067757809706,0.7011027642947905
0.5569771511531392,0.7003000192074575
0.5574136061130881,0.700083388270496
0.5575149323935458,0.7000023919400307
0.558468659209973,0.6990912721080709
0.5603964074540597,0.6975835451110626
0.5610680136484762,0.6969816785662777
0.561927753131265,0.6962788034699621
0.5621004049606677,0.6961055441843185
0.5635140861174599,0.6954563008580923
0.5637128817651541,0.6953259132598244
0.5639702720912376,0.6950970593337096
0.5651371521626767,0.6940596041752947
0.5662631996429814,0.692573254769662
0.5664850503452855,0.692387766668283
0.5670405221508804,0.6919233459487597
0.5678720476989696,0.691623725883554
0.5694760856242278,0.6901682155050348
0.5700360503382795,0.6893719644240333
0.572276751570026,0.6875457975509136
0.5724989057532832,0.6872801245851355
0.5739981461812138,0.6864537397552362
0.5752360517184902,0.6849581627237737
0.5781462187342147,0.6829724571129288
0.5783745859551694,0.6824485877270865
0.5784957329031597,0.682187813751449
0.5818761798136116,0.6800403313540704
0.5820219211732679,0.6791937633785626
0.5825574852601116,0.6787094228774531
0.584262651441982,0.677291256089093
0.5850474224998332,0.6766314894811928
0.5863497111090454,0.6762957555768238
0.5865690149805184,0.6760796836135555
0.5868250809694768,0.6753854385061986
0.5872431960541709,0.6752743412353088
0.5880547298777961,0.6743576998295779
0.5885988313435802,0.6732322618596215
0.5903407851155977,0.6723249487199372
0.5905742695811542,0.6719526678763798
0.5907836854890505,0.6717547381980349
0.5916274220228915,0.6710476938427161
0.592016443919158,0.6707296173368988
0.5922251221737367,0.6705309497223594
0.5922890135242804,0.6699794465121098
0.5930862916735877,0.6692289534638147
0.5935565153168154,0.6692241480330411
0.593774138099245,0.6685671733359833
0.595760493872841,0.6674684434271168
0.5963030266964917,0.6662805536592902
0.5976729395124601,0.6653449434660572
0.5983659211154887,0.6645336355471516
0.598754181454355,0.6642807861069366
0.6006493827935302,0.6627434083958457
0.6009713609859269,0.6624619869828781
0.6022281641456831,0.6611405683783353
0.6022895494120606,0.6608817331488693
0.6033785123868572,0.6597866142620457
0.6036904574722527,0.6596174071245267
0.6040268068458043,0.6592117574822658
0.6056710211616136,0.657829948469722
0.6058747193846631,0.6576260991590535
0.6069660539158392,0.6564998855244597
0.6075885892071876,0.6559074052077324
0.6077455628151516,0.6558183329914824
0.6087922614725918,0.6548227760514218
0.6101126032195548,0.6541116947070171
0.611386070107345,0.6522889409918043
0.612163392008352,0.6519706187140606
0.6131389926050402,0.6506458509424777
0.6131984846031229,0.6505684655542607
0.613646450695493,0.6501487805427901
0.6143121759104795,0.6497123181314697
0.6157279675104228,0.6481559322196059
0.6163083173219717,0.6479204005598789
0.6167384054343166,0.647188500250424
0.6167768657201713,0.6471510941807934
0.6177967843028711,0.6461923516717962
0.6189713244550545,0.6452701884000371
0.619689553162132,0.6443910483253013
0.620761332594506,0.6433228623076306
0.621556741637808,0.6431908334164599
0.6225842641405144,0.6422215504262714
0.6230158859447679,0.641225458960575
0.6238087742762037,0.6408306160873298
0.6239109495889539,0.640330367436631
0.6240442386085152,0.6401686911263549
0.6241395178263485,0.6400953110329834
0.6244694230419937,0.6398421635093218
0.6247675189645681,0.639473773426552
0.6251142504795022,0.6393165280674558
0.6258528095645454,0.638453430062181
0.6261908527152862,0.6381073559163646
0.6272123253806045,0.6372318118013658
0.6276235967433369,0.6366030160570078
0.6280474333633547,0.6361905274871611
0.6289444599080083,0.6354606276319699
0.6296632189056292,0.6351126577651687
0.6296648887897697,0.6346718736752726
0.6300099907590342,0.6346025832614787
0.630301748876497,0.6341476339754262
0.6312672667371282,0.6329732835642696
0.6316406200295662,0.6329068668448656
0.6320534046604385,0.6326246947302248
0.6333528672456565,0.6309437682259663
0.6333956381996213,0.6308466243149158
0.6337630454168799,0.6308310167118962
0.6351649971907787,0.6291575572224146
0.6364349717601058,0.6281654003654834
0.6367409292549642,0.6275324336134922
0.6381079384592112,0.6265489749465436
0.6381950049864248,0.6260720531047718
0.6386248534403727,0.6257865633606281
0.6392603553826477,0.6255493919961783
0.6392889849781168,0.6252866889267601
0.6393213465081388,0.624919618809143
0.6405476555591076,0.6241586212383062
0.6415560490717171,0.6227447337518921
0.6417358018026118,0.6225132004459473
0.6424367024490354,0.6217310655240222
0.6435296489246322,0.6213106345841608
0.6456248667935575,0.618616059598377
0.647372412776009,0.616868544367106
0.6476093295620102,0.6164200006895413
0.649333578186162,0.6146247778894445
0.6503731203743774,0.6134046264189636
0.6510667244921049,0.6127595839082424
0.6511473796729004,0.6125886903545947
0.651172553874071,0.6125620811374702
0.6515969905563912,0.6121187914539294
0.6532520614348596,0.610433121268062
0.6556919511276755,0.6077819937665963
0.6570705109711725,0.6065687841613263
0.6579958196407716,0.6058563770925998
0.6591530481397019,0.6041935781825731
0.6604176764375291,0.6028779783570672
0.6609921663859233,0.6020710951581791
0.661239986689692,0.6020042996077607
0.6613668029741689,0.6018184981194679
0.6616159851065296,0.6015559046416361
0.6624252657248547,0.6005356043740642
0.6631732493632533,0.599779323706545
0.6640216058216366,0.5988566668959314
0.6645681162341496,0.5986668554332322
0.6663248607688088,0.5963102569793185
0.6668362101300207,0.5957238772784474
0.6679129927032801,0.5948475056601306
0.6689728269358395,0.5947518507117919
0.6701991243660397,0.5919669825155185
0.6740834812014191,0.5879953892457184
0.674915408025737,0.5867247994995155
0.6753517587288431,0.5862656715398574
0.6756604522280965,0.5858442318953474
0.6782365371874177,0.5841791653039727
0.6782702080139416,0.5834880517473361
0.6794840259693937,0.5821824814812787
0.6794977183973632,0.5821658965513616
0.679638584026925,0.5819308642419886
0.680074133572827,0.5814605789398605
0.6810425405312931,0.5802947462878428
0.6822437455403265,0.5787505947454117
0.682423587616528,0.5784334371407065
0.6828437194062977,0.5780272224160786
0.6835825957195072,0.5772123793933115
0.6835859500365541,0.576786558817767
0.6864164940884818,0.5739266673429984
0.6870064464776232,0.5728142258623282
0.6883540813137706,0.5717171601439919
0.6885209647392028,0.571106573657867
0.6888931826493051,0.5707339878641319
0.6899125152907972,0.5695051828304136
0.6910142207886844,0.5683082725460655
0.6913843631410975,0.5682577726870068
0.692033978176779,0.5678121726320946
0.6925208605859067,0.5665853938581934
0.6941484218868605,0.5644267261667344
0.6960826642133019,0.5623893522228349
0.696780093552582,0.5616163870846869
0.6971977070147584,0.5607241988334677
0.6996800530008438,0.5577399924690403
0.7013902658506341,0.5562012911258616
0.7017673899981254,0.5556798459522274
0.7018970898934307,0.5555293736591307
0.7033937357733019,0.5548291048557362
0.7034965175219388,0.5531796573281242
0.7040709620764948,0.5526288371731874
0.7041010449788142,0.5523761874288249
0.704695527571051,0.5516078894316752
0.7074223676974165,0.5483586154719876
0.7077304250414115,0.5480353295319953
0.7078575316421042,0.5478822683671021
0.7082894122439639,0.5471726714394061
0.7088176352198062,0.5466712090530184
0.7092765152523073,0.5459580915933677
0.7102866203400708,0.5446548195579255
0.7105893579997318,0.5443241247267523
0.7111693925609825,0.5442241016222293
0.7113750399648228,0.5432965325077386
0.7124727997464072,0.5419090950301033
0.7127537527693958,0.5417511139575262
0.7128207212222781,0.5416854086238245
0.713133272383747,0.5415734021397491
0.7137317312084801,0.5404775696384381
0.7149046133272073,0.5388514321263493
0.7156436906317414,0.5379880303573097
0.7161962830957644,0.5373415020997551
0.7164092579165515,0.5373316375178926
0.7173750538417369,0.5357356838977599
0.7191430523334679,0.5339446850676834
0.7194467289363521,0.5330459222632898
0.7229864202823304,0.5290417217327575
0.7231116854380959,0.5283313451697997
0.723232102804291,0.5281716111054597
0.7232769713759106,0.5280529692315338
0.7260138575645803,0.5245461931762365
0.7265437055434663,0.5237852382108499
0.7265817405134292,0.5237529534175164
0.7288868513731582,0.5214665638111576
0.7291689661838734,0.5203376883915674
0.7299485968173646,0.5192656317601987
0.7303911442099544,0.5190183342042574
0.731804345705587,0.5175984605739965
0.7326352524114439,0.516862410397111
0.7332529341762276,0.5150568872326469
0.7337598867553294,0.5144206544974472
0.7346476173753534,0.5129973059971402
0.7366489106895246,0.5123434855630193
0.7391378760688094,0.5068890019158219
0.7391749162975314,0.5068374580375317
0.7399505380776827,0.5057319552484094
0.7402363182835425,0.505490860049878
0.7404182073459724,0.5052723142679163
0.7405864702868183,0.5052311313670881
0.743410597789364,0.504943166045986
0.7446429052130842,0.4998147832869556
0.7450533507424395,0.49927236377108075
0.7454707542375436,0.498339081926923
0.7466890895165106,0.4963722034843375
0.7472514715444796,0.4961550695424707
0.747564743973407,0.4959547587149481
0.7478706975727708,0.49476524173524494
0.7482762218677099,0.4941828551763765
0.7496772543692631,0.4921461067670333
0.7500510466280648,0.4918058612207816
0.7509865153302311,0.49143839112892473
0.7516864993630988,0.49036421625050075
0.7517520762595848,0.4893098267811675
0.7527865540860904,0.4884723993591886
0.7528407442817653,0.48796540341425165
0.753906217040983,0.48639462568701997
0.7552035846373248,0.48450051402157623
0.7552975202351595,0.484218446715848
0.7559440754617408,0.4835739345121053
0.7573839656981655,0.48107465303660024
0.7585740130621543,0.47941252395408773
0.7596281764896279,0.4777902994135038
0.7608796011242143,0.476543585753727
0.7613522214597823,0.47525390626411623
0.7619959980406747,0.4743303634769236
0.7628015109400583,0.4731133859202704
0.7633452912194042,0.4723629353376133
0.7637030600268184,0.47177716528198244
0.7640728748035497,0.4712700005391326
0.7644021849676752,0.471245884538967
0.7644520897764931,0.47069662599555706
0.764652377260832,0.47035784214070675
0.7659165865515758,0.46960704231002737
0.765966379282055,0.4684375018568252
0.766560526900757,0.46833238851481196
0.7667723925889699,0.46718969044262815
0.7684094389808381,0.46497193118780744
0.7688339306414175,0.4641978907948936
0.76945667640344,0.4632128258198287
0.7697005162678203,0.4627677006213633
0.7697988784951506,0.46262175029235364
0.7699338033967202,0.46241558086974743
0.770749482218582,0.4614968157012532
0.7709942373405775,0.4609286875397828
0.7711621600310312,0.46066612424924636
0.7715598656045474,0.46026512021350574
0.7717959376857002,0.4599672702068923
0.7722057445154287,0.45898787823027776
0.7724540141317504,0.4585883616700861
0.7728074274204917,0.4583524877913999
0.7728221430378676,0.4580306629317975
0.7730571250868793,0.4577041336242502
0.7738101521208548,0.45668907000857517
0.7743281864928925,0.4562688492337822
0.7749518725748616,0.455055769665602
0.7752570613385843,0.45460329341892947
0.7768725387603737,0.45234727198079816
0.7772393585824096,0.45128321551206785
0.7774650090685769,0.45092356845048054
0.7775366619984523,0.45072063808809093
0.7797112048887307,0.4475253216806603
0.779905239676926,0.4470165719280468
0.7804860889762608,0.446111403981174
0.7818220608672475,0.44403036710322297
0.7821075355413264,0.44363825799883316
0.7834736626206411,0.44294982848976283
0.7837961506171939,0.44132475246352887
0.783839947261386,0.4407962038715816
0.7843031921419232,0.44005167949214186
0.7845373021573071,0.4396676462780482
0.7845722270582967,0.4396121457422675
0.7848724348605105,0.43913511084668333
0.7851223623059377,0.43873802332855716
0.7851461376683189,0.4387367083172242
0.7855013342958499,0.43823425318778964
0.7860964066215412,0.43747378243351853
0.7866734116215252,0.4362424197257232
0.786877375541823,0.43595098101428453
0.7871497015835959,0.43576612263062253
0.7885001036393429,0.43328777922284767
0.7906292530229188,0.429915219520264
0.791284166600357,0.4288478765166023
0.791719118950976,0.42865733799494354
0.7926943636920643,0.42647386476748694
0.7930621883005322,0.4258767827209172
0.7936402877385188,0.4255267177441844
0.79395381444014,0.42439438433829946
0.7940302903738924,0.42432323407614003
0.7949669773659059,0.4229931393262335
0.7953185906144611,0.4224328395762502
0.7955630222677662,0.42201052543032025
0.7961181435475755,0.421051608322366
0.7976667985285514,0.4198513531391962
0.7976883974832005,0.4185703530029531
0.7977833487335164,0.41817674109021385
0.7985534729910333,0.41728412630670564
0.7988514898239765,0.4165315117758497
0.7988566333791732,0.41619444601650635
0.7994207685494278,0.41611199524656317
0.7998987970188461,0.41499266834015036
0.8002747623206224,0.41439134354902696
0.8006518599923245,0.4132267042493072
0.8010449289080294,0.4128739484330516
0.8011016008534861,0.41253148124487526
0.801484888671935,0.411841826264013
0.8026983392679887,0.41019382184044206
0.8029215677571533,0.40976871639212886
0.8031786518935082,0.40910167873957737
0.8042206974810944,0.40714910332871723
0.8045072776792603,0.40682391631335957
0.8047516747344768,0.40641863573522363
0.8053451216843275,0.40543484025129317
0.8053908234879505,0.4052350194027937
0.8055861388366437,0.40474193903590727
0.8058338654032942,0.40460290431189183
0.8064830134695501,0.40320356602695295
0.8070243889303956,0.4027651809167474
0.8070636875564089,0.4023656497698649
0.8075475538739748,0.4013490631195096
0.8078257434866063,0.40089836248467825
0.8084254895788252,0.3998701521700605
0.8085460863838143,0.399663455932722
0.8087854342845546,0.39925328305430197
0.8093666208357658,0.3982576117905161
0.8094634946153214,0.39803474262783645
0.8096848675702226,0.3977125917622052
0.8098214890385388,0.3974159869079281
0.8099458113991339,0.39719832597806826
0.8101218052123135,0.39687140967830836
0.8108327801977401,0.39563608967686903
0.8115719151239136,0.3943117653546705
0.8118074802565545,0.3938979359966467
0.8121592139425955,0.39328016867771143
0.8123794814589953,0.3928933888372088
0.8124861895251958,0.39269707704718126
0.812996896166656,0.3917956247860339
0.8132898374569887,0.39127491931712965
0.814621315348921,0.3903088699090278
0.8148956418131459,0.3886575166306546
0.8152536542836598,0.3878166679037973
0.8154711872587593,0.3877108298591999
0.8162773483438551,0.38620005830694437
0.816809770474423,0.385028226881201
0.8171459731905747,0.38440866285844366
0.8183744621362931,0.3823046804014478
0.8197640946070692,0.3797715821797347
0.8205517581075366,0.3786088313752334
0.8208568777728555,0.378494223161981
0.8212161977502318,0.37806804730999155
0.8222699501848709,0.3760846372131825
0.8224556156619052,0.3759702782061093
0.8225266168446762,0.37504858115688344
0.8234417947294119,0.3734701396578647
0.8239233820684635,0.37260723473023394
0.8241435058991826,0.3721785760070998
0.824825729041894,0.37103208398961807
0.8252261517128914,0.37027283199323535
0.8260729195818177,0.3688843114422895
0.8262616511482188,0.36778663494563957
0.8273492476567914,0.3659450753907595
0.8286986328866278,0.3642289451397419
0.8293877144681336,0.3622509033602904
0.8295945881663714,0.36148766368613583
0.8305729017578665,0.36012059872906643
0.8305967774331176,0.35974969368573606
0.8318584946448525,0.357381605978663
0.8339306371192955,0.35546091717696005
0.8339399391681536,0.353644424175353
0.834656645765648,0.35185378998240346
0.8357706055389652,0.351661020474873
0.8361496044133667,0.3489296353205853
0.8379918284175598,0.34535540177214075
0.8401372440711143,0.34120364864016384
0.8412371476651722,0.33909038513028733
0.8413463301881018,0.33889911259924976
0.8415710635189262,0.33844322828014395
0.8418228608050323,0.3379502693962725
0.8429427478117075,0.33565555100277467
0.843601311544263,0.33467471791943937
0.845350601311946,0.33116863556425535
0.8455151006099753,0.3305835512917853
0.8464439918935945,0.32887514510179083
0.8466026420909984,0.3285426415758238
0.8473344782431487,0.3273704071998279
0.8474422878170662,0.3265823802698018
0.8479629813816818,0.32554778522868977
0.8492557134983696,0.322939817147498
0.8494386477861879,0.3227212225138891
0.8500751546590312,0.32128359328159717
0.8523962917977268,0.31735729674255164
0.8527754749642015,0.317050220446907
0.8537724951006409,0.3138752766022973
0.8542380192837711,0.3132944488792241
0.8547343037025941,0.31178537928168704
0.8551968980030011,0.31062992183841864
0.8560742397730909,0.3104956305246689
0.858405377335706,0.30595767878306845
0.8595951940131074,0.30151101465525687
0.8614644591095648,0.3005441938277059
0.8622521099664416,0.29929337359361885
0.8623673433591269,0.2954554974094421
0.8628900656567239,0.2948665426503092
0.8641400288751846,0.2921739823900623
0.8642112976241607,0.29179151359307787
0.8643161503932124,0.2915540456937844
0.8652219232561646,0.2894071907309821
0.8652377262812907,0.2893869237693364
0.8660040187658591,0.28808531057833064
0.866550535642566,0.2867208912909698
0.8667596640034037,0.286182608950706
0.8668223127808456,0.2857601339851411
0.8675522651853564,0.28451855835397166
0.8692137051084025,0.28051935743326173
0.8694535194253985,0.27999399339579667
0.8695124363410324,0.27986678094330586
0.87067728764031,0.27725211809818173
0.8707410709416685,0.2771879435373835
0.87094038304106,0.2767541648696118
0.871386994864667,0.27578298385389666
0.8715973560944792,0.27532593651372717
0.8716018371344255,0.27531329179773734
0.8728203699737583,0.27354689288256284
0.8729131664929979,0.2733212254770424
0.8732370618466272,0.27326435199745225
0.8742247504104252,0.27169514976783604
0.8753708722729169,0.2668773364140512
0.8758750965143389,0.266408351434571
0.8759669944042032,0.2654020951662366
0.8770521462089449,0.2630437100023221
0.8771494948566796,0.26276352829898586
0.8775744268916641,0.2619819586489198
0.878119772454809,0.2604544900716794
0.8784068757403812,0.26009485349845407
0.8784578686393126,0.259690918030943
0.8789319923196779,0.25901369690906584
0.8802731362509875,0.25609418804001516
0.8803056191239668,0.25538404625418376
0.8813094431398579,0.25384736971718014
0.8814261841918778,0.2527625345826148
0.8817935603934229,0.2522206668863177
0.881814318694672,0.2518971452719436
0.8819767420764526,0.2515242857361514
0.8828058944309628,0.2496239662656643
0.8836806171489717,0.2481722545280458
0.8837392800913895,0.24734922008065552
0.8839959096138541,0.24674327384298933
0.8842727365270091,0.2466875840983429
0.8844411804929488,0.24579064433770492
0.8852822678363887,0.24371372307964168
0.8853706075498411,0.24353782777099375
0.8860738629624018,0.24212965285741828
0.8862370486610769,0.24145949743212702
0.8865530659047858,0.24073393184220582
0.8867666376769638,0.24021684868746418
0.887122448014895,0.23965760163401806
0.8871506142343693,0.23958726173741907
0.8873500680734425,0.238806216533474
0.887810960459695,0.23776795216298674
0.8880611590414363,0.2372996588927021
0.8883082486115254,0.23668562192563725
0.8889043758300121,0.23522049108738396
0.8889272569911318,0.2351636899141718
0.8890918958851094,0.23470512953443912
0.8893282061848081,0.2341225046554144
0.8895714226293973,0.2337120328265495
0.8896395463563185,0.2333977483207339
0.8899697923509848,0.23254315576079465
0.8913699629669461,0.22923098527526709
0.8914697087884991,0.22886549101380138
0.891622651389652,0.22859925480947063
0.8918048236217673,0.22806737911421315
0.891806729545815,0.22805282083463796
0.8924943062921578,0.22649886776577421
0.8925496002657026,0.22623081237989984
0.8930863379552386,0.22494144041420694
0.8937657878690891,0.22325963197166998
0.8939181250980103,0.22313737142483536
0.8942792579291721,0.22203490909767454
0.8945979459416404,0.22159790078933106
0.8948528016693162,0.22107661017538638
0.8955583955966956,0.21895186532207067
0.8963423469487009,0.21701565457046723
0.8986377455259507,0.21316741903881042
0.8993335640785615,0.20963515676966737
0.8998507446350302,0.208633823119596
0.9002087428425886,0.20755953883244216
0.9006679683504606,0.20645919163072857
0.900720860579221,0.20629510096557002
0.9013842038590908,0.2048432756883991
0.9015980280234298,0.20398801315721626
0.9018939420431688,0.20295948237683348
0.9025521567549843,0.2012963999996772
0.902642392853434,0.20106448678117317
0.9028592057737879,0.20050769731147333
0.9032197373030739,0.20011203800262256
0.9041979149738084,0.19712906916423456
0.9042039601132211,0.1971202886046982
0.9070647455633762,0.19100677752729622
0.9073297623642235,0.18900883454938822
0.908823251107414,0.18518391375719945
0.9089407899030347,0.18488438722575207
0.9089942161541253,0.1846665678470586
0.909807311897656,0.18323759122549776
0.9104124341035984,0.18153335770370993
0.9116024357694986,0.17818597132524083
0.9118371867351759,0.17805729606517307
0.9123595541466376,0.1764018984708805
0.912444775512091,0.17606203905232387
0.9127852140832314,0.1751206024352101
0.9128650285032647,0.17460157101688734
0.9137500078248622,0.17289211085913736
0.9141035637744088,0.1726049340882332
0.9142388928911791,0.17104519499782933
0.9157001705702179,0.16690617443501288
0.9165215435361144,0.16473409509961712
0.9170184745510852,0.16411042410198817
0.9170187844398158,0.16410965448325343
0.9172290854666644,0.1632958608768501
0.9175960235957402,0.16237171101987036
0.9177152082955807,0.1614708159428685
0.91885501892927,0.15839571345420456
0.9191734383003888,0.15781818696955718
0.9192151283390855,0.1575511930917971
0.9192185994791875,0.1573932312588886
0.920056288667582,0.155273560770126
0.9200966374501026,0.15515902745851196
0.9203155667628604,0.15459457276388955
0.9205167316113305,0.15392894918844024
0.9209185902848653,0.15285447299221422
0.921622110900399,0.1508897705924106
0.9230582878320932,0.14751226732910705
0.923086570566099,0.14678573061952171
0.9233887647598958,0.14594289365323088
0.9246065386438294,0.1425835923456763
0.9246768942358297,0.1424360494026431
0.9246993629735192,0.14233865903097875
0.9249520628873587,0.14184674537334985
0.9249856482096744,0.1418213288714848
0.9250852071639798,0.14125351018846943
0.9254858659297893,0.14019781616746307
0.9264854064090067,0.13803080781056165
0.9268783646195228,0.13632853384730248
0.9272758530828371,0.13539095643387677
0.9278443158226145,0.13516413801889915
0.9279803708987762,0.13328301474807958
0.9291103922778343,0.13061280632426964
0.9291424568876843,0.12989403855483328
0.9293837203596685,0.12986230590588888
0.9295822219061214,0.12940228560677436
0.9297463664212293,0.12919232032232286
0.9302490891242322,0.12763226368197422
0.9304850817009456,0.12652262978663675
0.9308021344689004,0.12544020725734495
0.9314989704531291,0.12333367534922024
0.9320541282037126,0.12209811868513931
0.9331963557799801,0.12022258872706826
0.9333104240651509,0.11985119723670346
0.9333124287411373,0.11841265623578168
0.9336863318001926,0.1171900697377386
0.9344966024630867,0.1160175734045592
0.9349995468984281,0.11404404691350067
0.9354152659000432,0.11384885810475087
0.9370025694776997,0.10880747384958189
0.9377732373600371,0.10535054433501778
0.9379994891603487,0.10476448200818145
0.9382322076663343,0.10406506411668204
0.9387818461996057,0.10262027588566647
0.9390849547896325,0.10170239269215853
0.9396987497635688,0.09976289853003972
0.9398836987024516,0.09952066584335284
0.9399170834080712,0.09914030134953855
0.9406295881483767,0.09706389118916847
0.94131194253721,0.09521860683305117
0.9413404192878939,0.09500882827094692
0.9424117136790133,0.09219771914203234
0.9425225588812021,0.09160734091594447
0.9425923913167406,0.09149659415296096
0.9427233295468681,0.09111239425982876
0.9432314899612411,0.08972456877290791
0.9440530400735865,0.08715575201589854
0.9442991178299232,0.08682738558781078
0.9448206571841979,0.08496513238611281
0.9457411019020774,0.08248901932182684
0.9465700151205569,0.08071443700160708
0.9472185883573101,0.07845699215598623
0.9475412367434862,0.07845118475580215
0.9478383479989915,0.07665243214108841
0.9488258007517119,0.07356104318987822
0.949045788890528,0.07270307683594879
0.9495010523102476,0.07149308113161879
0.9497694380618441,0.07067651523403118
0.9503477790180783,0.0689430592525403
0.9505796713870828,0.06890287302517561
0.9508996809310342,0.0680390700334792
0.9512536427088745,0.06627608013436681
0.9528872402874318,0.06170725809594091
0.9551924554958342,0.05531790359337685
0.9569058584854897,0.05064682490253347
0.9580286854652769,0.047248787478898935
0.9587535499017715,0.046728702265887434
0.9590889825738947,0.04646440352867265
0.9593788088239132,0.04463313137412139
0.9593791421564073,0.04463238391244695
0.962415043967613,0.03517289769911236
0.9631452056436026,0.033178865274635094
0.9640677097132413,0.03068151393695162
0.9655535044498498,0.026852744472511736
0.9656847704087242,0.026543114794787992
0.9659704835739302,0.02573532101515963
0.9668250580004738,0.023695186473285723
0.9672787117428299,0.022730868023968842
0.9676888263846278,0.022220549133248557
0.9681040890710658,0.020641590025350043
0.9684480711591932,0.020570695359088842
0.9684907987468219,0.01979462177494551
0.9689150831833976,0.0186379038539235
0.9701293809320835,0.015846138979257907
0.9703620411067189,0.015462200100613499
0.9704440392001299,0.015128829667178989
0.9708663429061838,0.01491849446252913
0.9709185542953164,0.014253920567162237
0.9711202056800228,0.013692396407977259
0.9712248993803284,0.013535450752504286
0.9716740489335566,0.012695639118077806
0.9722222071875325,0.011590352034406393
0.9728264567721188,0.010219351274782129
0.9734956337846643,0.009722084686543786
0.9751580223291785,0.00634388856482615
0.9778958060171706,0.0024261395026412558
0.9796274113495088,0.0007832112897956378
